# Radius     Gravity      Pressure     Temperature  Density      Vp           Vs           K            G            Expansivity  Cp            dGdT         
3.489335e+06 1.067489e+01 1.354319e+11 3.205356e+03 5.475333e+03 1.390949e+04 7.088275e+03 6.925333e+11 2.751007e+11 1.205346e-05 1.246369e+03 -1.774525e+07
3.498713e+06 1.066139e+01 1.348752e+11 3.100428e+03 5.477643e+03 1.391578e+04 7.103741e+03 6.921816e+11 2.764190e+11 1.203531e-05 1.243722e+03 -1.771847e+07
3.508091e+06 1.064808e+01 1.343197e+11 3.000957e+03 5.479598e+03 1.392116e+04 7.118139e+03 6.917529e+11 2.776398e+11 1.201906e-05 1.241160e+03 -1.769303e+07
3.517468e+06 1.063495e+01 1.337654e+11 2.909149e+03 5.481055e+03 1.392526e+04 7.131081e+03 6.912149e+11 2.787244e+11 1.200578e-05 1.238747e+03 -1.766991e+07
3.526846e+06 1.062200e+01 1.332122e+11 2.826606e+03 5.481908e+03 1.392782e+04 7.142291e+03 6.905440e+11 2.796448e+11 1.199636e-05 1.236538e+03 -1.764994e+07
3.536224e+06 1.060924e+01 1.326601e+11 2.754319e+03 5.482093e+03 1.392869e+04 7.151605e+03 6.897258e+11 2.803841e+11 1.199140e-05 1.234574e+03 -1.763374e+07
3.545601e+06 1.059665e+01 1.321092e+11 2.692628e+03 5.481588e+03 1.392780e+04 7.158981e+03 6.887557e+11 2.809369e+11 1.199125e-05 1.232881e+03 -1.762168e+07
3.554979e+06 1.058424e+01 1.315595e+11 2.641276e+03 5.480411e+03 1.392521e+04 7.164475e+03 6.876372e+11 2.813078e+11 1.199594e-05 1.231468e+03 -1.761391e+07
3.564357e+06 1.057201e+01 1.310108e+11 2.599556e+03 5.478607e+03 1.392103e+04 7.168225e+03 6.863809e+11 2.815097e+11 1.200530e-05 1.230328e+03 -1.761031e+07
3.573734e+06 1.055994e+01 1.304633e+11 2.566428e+03 5.476243e+03 1.391544e+04 7.170422e+03 6.850021e+11 2.815608e+11 1.201895e-05 1.229441e+03 -1.761059e+07
3.583112e+06 1.054805e+01 1.299168e+11 2.540657e+03 5.473401e+03 1.390863e+04 7.171292e+03 6.835187e+11 2.814829e+11 1.203637e-05 1.228778e+03 -1.761429e+07
3.592489e+06 1.053632e+01 1.293716e+11 2.520964e+03 5.470162e+03 1.390082e+04 7.171065e+03 6.819495e+11 2.812986e+11 1.205697e-05 1.228305e+03 -1.762089e+07
3.601867e+06 1.052476e+01 1.288273e+11 2.506109e+03 5.466607e+03 1.389220e+04 7.169963e+03 6.803124e+11 2.810293e+11 1.208019e-05 1.227986e+03 -1.762987e+07
3.611245e+06 1.051336e+01 1.282841e+11 2.494979e+03 5.462809e+03 1.388296e+04 7.168185e+03 6.786237e+11 2.806948e+11 1.210546e-05 1.227788e+03 -1.764072e+07
3.620622e+06 1.050213e+01 1.277421e+11 2.486623e+03 5.458829e+03 1.387326e+04 7.165902e+03 6.768975e+11 2.803117e+11 1.213232e-05 1.227680e+03 -1.765297e+07
3.630000e+06 1.049105e+01 1.272010e+11 2.480265e+03 5.454719e+03 1.386322e+04 7.163252e+03 6.751448e+11 2.798935e+11 1.216036e-05 1.227639e+03 -1.766627e+07
3.630000e+06 1.049105e+01 1.272010e+11 2.480265e+03 5.454719e+03 1.386322e+04 7.163252e+03 6.751448e+11 2.798935e+11 1.216036e-05 1.227639e+03 -1.766627e+07
3.639471e+06 1.048000e+01 1.266563e+11 2.475261e+03 5.450480e+03 1.385285e+04 7.160318e+03 6.733590e+11 2.794470e+11 1.218952e-05 1.227644e+03 -1.768044e+07
3.648942e+06 1.046912e+01 1.261127e+11 2.471215e+03 5.446177e+03 1.384231e+04 7.157204e+03 6.715620e+11 2.789836e+11 1.221934e-05 1.227682e+03 -1.769514e+07
3.658413e+06 1.045839e+01 1.255700e+11 2.467795e+03 5.441833e+03 1.383166e+04 7.153970e+03 6.697585e+11 2.785091e+11 1.224962e-05 1.227741e+03 -1.771021e+07
3.667885e+06 1.044782e+01 1.250283e+11 2.464771e+03 5.437462e+03 1.382094e+04 7.150657e+03 6.679516e+11 2.780277e+11 1.228025e-05 1.227813e+03 -1.772552e+07
3.677356e+06 1.043740e+01 1.244877e+11 2.461989e+03 5.433075e+03 1.381017e+04 7.147293e+03 6.661441e+11 2.775421e+11 1.231114e-05 1.227895e+03 -1.774101e+07
3.686827e+06 1.042714e+01 1.239480e+11 2.459352e+03 5.428678e+03 1.379936e+04 7.143896e+03 6.643370e+11 2.770539e+11 1.234225e-05 1.227981e+03 -1.775661e+07
3.696298e+06 1.041702e+01 1.234093e+11 2.456796e+03 5.424275e+03 1.378854e+04 7.140476e+03 6.625312e+11 2.765642e+11 1.237353e-05 1.228071e+03 -1.777231e+07
3.705769e+06 1.040706e+01 1.228716e+11 2.454287e+03 5.419868e+03 1.377770e+04 7.137042e+03 6.607274e+11 2.760738e+11 1.240498e-05 1.228163e+03 -1.778808e+07
3.715240e+06 1.039725e+01 1.223348e+11 2.451802e+03 5.415459e+03 1.376684e+04 7.133596e+03 6.589257e+11 2.755829e+11 1.243657e-05 1.228256e+03 -1.780391e+07
3.724712e+06 1.038758e+01 1.217989e+11 2.449330e+03 5.411047e+03 1.375597e+04 7.130140e+03 6.571262e+11 2.750917e+11 1.246831e-05 1.228350e+03 -1.781979e+07
3.734183e+06 1.037805e+01 1.212640e+11 2.446863e+03 5.406636e+03 1.374510e+04 7.126676e+03 6.553293e+11 2.746004e+11 1.250019e-05 1.228444e+03 -1.783573e+07
3.743654e+06 1.036867e+01 1.207301e+11 2.444398e+03 5.402223e+03 1.373421e+04 7.123205e+03 6.535347e+11 2.741090e+11 1.253221e-05 1.228539e+03 -1.785171e+07
3.753125e+06 1.035944e+01 1.201971e+11 2.441933e+03 5.397809e+03 1.372332e+04 7.119726e+03 6.517426e+11 2.736176e+11 1.256437e-05 1.228635e+03 -1.786775e+07
3.762596e+06 1.035034e+01 1.196650e+11 2.439468e+03 5.393394e+03 1.371241e+04 7.116240e+03 6.499529e+11 2.731262e+11 1.259667e-05 1.228730e+03 -1.788383e+07
3.772067e+06 1.034138e+01 1.191338e+11 2.437002e+03 5.388978e+03 1.370150e+04 7.112747e+03 6.481656e+11 2.726347e+11 1.262912e-05 1.228827e+03 -1.789997e+07
3.781538e+06 1.033256e+01 1.186035e+11 2.434535e+03 5.384561e+03 1.369058e+04 7.109247e+03 6.463807e+11 2.721432e+11 1.266170e-05 1.228923e+03 -1.791616e+07
3.791010e+06 1.032387e+01 1.180741e+11 2.432066e+03 5.380143e+03 1.367964e+04 7.105739e+03 6.445979e+11 2.716516e+11 1.269444e-05 1.229020e+03 -1.793240e+07
3.800481e+06 1.031532e+01 1.175456e+11 2.429595e+03 5.375724e+03 1.366870e+04 7.102224e+03 6.428176e+11 2.711601e+11 1.272732e-05 1.229118e+03 -1.794869e+07
3.809952e+06 1.030690e+01 1.170180e+11 2.427123e+03 5.371303e+03 1.365775e+04 7.098702e+03 6.410396e+11 2.706684e+11 1.276035e-05 1.229216e+03 -1.796503e+07
3.819423e+06 1.029861e+01 1.164913e+11 2.424649e+03 5.366882e+03 1.364678e+04 7.095173e+03 6.392639e+11 2.701767e+11 1.279352e-05 1.229314e+03 -1.798143e+07
3.828894e+06 1.029045e+01 1.159654e+11 2.422174e+03 5.362459e+03 1.363581e+04 7.091635e+03 6.374905e+11 2.696850e+11 1.282685e-05 1.229413e+03 -1.799787e+07
3.838365e+06 1.028242e+01 1.154404e+11 2.419697e+03 5.358034e+03 1.362483e+04 7.088091e+03 6.357193e+11 2.691932e+11 1.286033e-05 1.229512e+03 -1.801438e+07
3.847837e+06 1.027452e+01 1.149162e+11 2.417218e+03 5.353608e+03 1.361383e+04 7.084538e+03 6.339501e+11 2.687012e+11 1.289397e-05 1.229612e+03 -1.803094e+07
3.857308e+06 1.026674e+01 1.143930e+11 2.414738e+03 5.349181e+03 1.360283e+04 7.080978e+03 6.321832e+11 2.682093e+11 1.292775e-05 1.229712e+03 -1.804755e+07
3.866779e+06 1.025909e+01 1.138705e+11 2.412255e+03 5.344752e+03 1.359181e+04 7.077410e+03 6.304186e+11 2.677172e+11 1.296170e-05 1.229812e+03 -1.806422e+07
3.876250e+06 1.025156e+01 1.133489e+11 2.409771e+03 5.340321e+03 1.358078e+04 7.073835e+03 6.286560e+11 2.672251e+11 1.299580e-05 1.229913e+03 -1.808094e+07
3.885721e+06 1.024415e+01 1.128281e+11 2.407285e+03 5.335889e+03 1.356974e+04 7.070251e+03 6.268956e+11 2.667328e+11 1.303006e-05 1.230015e+03 -1.809772e+07
3.895192e+06 1.023686e+01 1.123082e+11 2.404797e+03 5.331455e+03 1.355869e+04 7.066660e+03 6.251373e+11 2.662405e+11 1.306448e-05 1.230117e+03 -1.811456e+07
3.904663e+06 1.022969e+01 1.117890e+11 2.402308e+03 5.327019e+03 1.354763e+04 7.063061e+03 6.233810e+11 2.657481e+11 1.309907e-05 1.230219e+03 -1.813145e+07
3.914135e+06 1.022264e+01 1.112706e+11 2.399815e+03 5.322581e+03 1.353655e+04 7.059453e+03 6.216266e+11 2.652555e+11 1.313382e-05 1.230322e+03 -1.814841e+07
3.923606e+06 1.021570e+01 1.107531e+11 2.397322e+03 5.318141e+03 1.352547e+04 7.055838e+03 6.198744e+11 2.647628e+11 1.316873e-05 1.230425e+03 -1.816542e+07
3.933077e+06 1.020888e+01 1.102364e+11 2.394826e+03 5.313699e+03 1.351437e+04 7.052214e+03 6.181242e+11 2.642701e+11 1.320382e-05 1.230529e+03 -1.818250e+07
3.942548e+06 1.020218e+01 1.097205e+11 2.392328e+03 5.309256e+03 1.350326e+04 7.048582e+03 6.163760e+11 2.637771e+11 1.323907e-05 1.230633e+03 -1.819963e+07
3.952019e+06 1.019558e+01 1.092053e+11 2.389828e+03 5.304810e+03 1.349213e+04 7.044942e+03 6.146298e+11 2.632841e+11 1.327449e-05 1.230738e+03 -1.821682e+07
3.961490e+06 1.018910e+01 1.086910e+11 2.387325e+03 5.300362e+03 1.348100e+04 7.041293e+03 6.128855e+11 2.627909e+11 1.331008e-05 1.230843e+03 -1.823407e+07
3.970962e+06 1.018273e+01 1.081773e+11 2.384821e+03 5.295911e+03 1.346985e+04 7.037636e+03 6.111430e+11 2.622976e+11 1.334585e-05 1.230948e+03 -1.825139e+07
3.980433e+06 1.017646e+01 1.076645e+11 2.382314e+03 5.291458e+03 1.345869e+04 7.033971e+03 6.094025e+11 2.618041e+11 1.338179e-05 1.231055e+03 -1.826877e+07
3.989904e+06 1.017031e+01 1.071524e+11 2.379805e+03 5.287004e+03 1.344751e+04 7.030297e+03 6.076640e+11 2.613105e+11 1.341790e-05 1.231161e+03 -1.828621e+07
3.999375e+06 1.016426e+01 1.066411e+11 2.377294e+03 5.282546e+03 1.343632e+04 7.026614e+03 6.059273e+11 2.608168e+11 1.345420e-05 1.231268e+03 -1.830372e+07
4.008846e+06 1.015831e+01 1.061306e+11 2.374780e+03 5.278087e+03 1.342512e+04 7.022923e+03 6.041924e+11 2.603229e+11 1.349068e-05 1.231376e+03 -1.832129e+07
4.018317e+06 1.015247e+01 1.056208e+11 2.372264e+03 5.273624e+03 1.341390e+04 7.019223e+03 6.024594e+11 2.598288e+11 1.352733e-05 1.231484e+03 -1.833892e+07
4.027788e+06 1.014674e+01 1.051117e+11 2.369745e+03 5.269159e+03 1.340267e+04 7.015514e+03 6.007282e+11 2.593345e+11 1.356418e-05 1.231593e+03 -1.835662e+07
4.037260e+06 1.014110e+01 1.046034e+11 2.367224e+03 5.264691e+03 1.339143e+04 7.011796e+03 5.989986e+11 2.588400e+11 1.360121e-05 1.231702e+03 -1.837439e+07
4.046731e+06 1.013557e+01 1.040958e+11 2.364701e+03 5.260221e+03 1.338017e+04 7.008069e+03 5.972709e+11 2.583454e+11 1.363842e-05 1.231812e+03 -1.839222e+07
4.056202e+06 1.013013e+01 1.035889e+11 2.362175e+03 5.255748e+03 1.336889e+04 7.004333e+03 5.955450e+11 2.578506e+11 1.367582e-05 1.231922e+03 -1.841012e+07
4.065673e+06 1.012480e+01 1.030828e+11 2.359647e+03 5.251273e+03 1.335761e+04 7.000589e+03 5.938209e+11 2.573556e+11 1.371342e-05 1.232033e+03 -1.842809e+07
4.075144e+06 1.011956e+01 1.025773e+11 2.357116e+03 5.246794e+03 1.334630e+04 6.996835e+03 5.920984e+11 2.568605e+11 1.375121e-05 1.232144e+03 -1.844613e+07
4.084615e+06 1.011442e+01 1.020726e+11 2.354582e+03 5.242312e+03 1.333499e+04 6.993072e+03 5.903777e+11 2.563651e+11 1.378919e-05 1.232256e+03 -1.846424e+07
4.094087e+06 1.010937e+01 1.015686e+11 2.352046e+03 5.237828e+03 1.332365e+04 6.989299e+03 5.886585e+11 2.558694e+11 1.382737e-05 1.232369e+03 -1.848241e+07
4.103558e+06 1.010441e+01 1.010653e+11 2.349507e+03 5.233340e+03 1.331231e+04 6.985517e+03 5.869411e+11 2.553736e+11 1.386574e-05 1.232482e+03 -1.850066e+07
4.113029e+06 1.009955e+01 1.005627e+11 2.346965e+03 5.228850e+03 1.330094e+04 6.981726e+03 5.852253e+11 2.548776e+11 1.390432e-05 1.232595e+03 -1.851898e+07
4.122500e+06 1.009479e+01 1.000607e+11 2.344420e+03 5.224356e+03 1.328956e+04 6.977925e+03 5.835112e+11 2.543814e+11 1.394310e-05 1.232710e+03 -1.853737e+07
4.131971e+06 1.009011e+01 9.955952e+10 2.341873e+03 5.219859e+03 1.327817e+04 6.974115e+03 5.817988e+11 2.538850e+11 1.398208e-05 1.232824e+03 -1.855584e+07
4.141442e+06 1.008552e+01 9.905898e+10 2.339323e+03 5.215359e+03 1.326676e+04 6.970295e+03 5.800879e+11 2.533883e+11 1.402127e-05 1.232940e+03 -1.857437e+07
4.150913e+06 1.008103e+01 9.855912e+10 2.336770e+03 5.210855e+03 1.325533e+04 6.966466e+03 5.783786e+11 2.528914e+11 1.406066e-05 1.233056e+03 -1.859299e+07
4.160385e+06 1.007662e+01 9.805988e+10 2.334214e+03 5.206348e+03 1.324389e+04 6.962626e+03 5.766707e+11 2.523942e+11 1.410027e-05 1.233172e+03 -1.861166e+07
4.169856e+06 1.007229e+01 9.756136e+10 2.331655e+03 5.201838e+03 1.323243e+04 6.958777e+03 5.749645e+11 2.518968e+11 1.414009e-05 1.233289e+03 -1.863043e+07
4.179327e+06 1.006806e+01 9.706351e+10 2.329094e+03 5.197324e+03 1.322095e+04 6.954918e+03 5.732599e+11 2.513992e+11 1.418012e-05 1.233407e+03 -1.864927e+07
4.188798e+06 1.006391e+01 9.656633e+10 2.326529e+03 5.192807e+03 1.320946e+04 6.951049e+03 5.715568e+11 2.509013e+11 1.422037e-05 1.233525e+03 -1.866819e+07
4.198269e+06 1.005984e+01 9.606980e+10 2.323961e+03 5.188287e+03 1.319795e+04 6.947171e+03 5.698552e+11 2.504032e+11 1.426084e-05 1.233644e+03 -1.868718e+07
4.207740e+06 1.005585e+01 9.557392e+10 2.321390e+03 5.183762e+03 1.318642e+04 6.943282e+03 5.681550e+11 2.499048e+11 1.430152e-05 1.233764e+03 -1.870626e+07
4.217212e+06 1.005195e+01 9.507865e+10 2.318816e+03 5.179234e+03 1.317488e+04 6.939382e+03 5.664562e+11 2.494061e+11 1.434244e-05 1.233884e+03 -1.872541e+07
4.226683e+06 1.004813e+01 9.458407e+10 2.316239e+03 5.174702e+03 1.316331e+04 6.935473e+03 5.647591e+11 2.489072e+11 1.438357e-05 1.234005e+03 -1.874464e+07
4.236154e+06 1.004439e+01 9.409013e+10 2.313658e+03 5.170167e+03 1.315173e+04 6.931553e+03 5.630633e+11 2.484080e+11 1.442493e-05 1.234126e+03 -1.876391e+07
4.245625e+06 1.004073e+01 9.359684e+10 2.311075e+03 5.165627e+03 1.314014e+04 6.927623e+03 5.613690e+11 2.479086e+11 1.446652e-05 1.234248e+03 -1.878335e+07
4.255096e+06 1.003715e+01 9.310417e+10 2.308488e+03 5.161084e+03 1.312852e+04 6.923682e+03 5.596762e+11 2.474088e+11 1.450834e-05 1.234371e+03 -1.880283e+07
4.264567e+06 1.003364e+01 9.261214e+10 2.305898e+03 5.156537e+03 1.311689e+04 6.919731e+03 5.579847e+11 2.469088e+11 1.455040e-05 1.234494e+03 -1.882239e+07
4.274038e+06 1.003021e+01 9.212074e+10 2.303305e+03 5.151986e+03 1.310524e+04 6.915769e+03 5.562946e+11 2.464085e+11 1.459269e-05 1.234619e+03 -1.884203e+07
4.283510e+06 1.002686e+01 9.162991e+10 2.300708e+03 5.147430e+03 1.309356e+04 6.911797e+03 5.546058e+11 2.459078e+11 1.463522e-05 1.234743e+03 -1.886165e+07
4.292981e+06 1.002358e+01 9.113975e+10 2.298108e+03 5.142871e+03 1.308188e+04 6.907813e+03 5.529185e+11 2.454069e+11 1.467799e-05 1.234869e+03 -1.888269e+07
4.302452e+06 1.002038e+01 9.065020e+10 2.295504e+03 5.138307e+03 1.307017e+04 6.903819e+03 5.512324e+11 2.449057e+11 1.472101e-05 1.234995e+03 -1.890142e+07
4.311923e+06 1.001725e+01 9.016127e+10 2.292897e+03 5.133740e+03 1.305844e+04 6.899815e+03 5.495478e+11 2.444042e+11 1.476427e-05 1.235122e+03 -1.892143e+07
4.321394e+06 1.001419e+01 8.967294e+10 2.290287e+03 5.129168e+03 1.304669e+04 6.895799e+03 5.478644e+11 2.439024e+11 1.480777e-05 1.235249e+03 -1.894152e+07
4.330865e+06 1.001120e+01 8.918523e+10 2.287673e+03 5.124592e+03 1.303493e+04 6.891772e+03 5.461824e+11 2.434003e+11 1.485153e-05 1.235377e+03 -1.896170e+07
4.340337e+06 1.000829e+01 8.869806e+10 2.285055e+03 5.120011e+03 1.302314e+04 6.887733e+03 5.445015e+11 2.428978e+11 1.489555e-05 1.235506e+03 -1.898197e+07
4.349808e+06 1.000544e+01 8.821154e+10 2.282434e+03 5.115426e+03 1.301134e+04 6.883684e+03 5.428220e+11 2.423950e+11 1.493982e-05 1.235636e+03 -1.900289e+07
4.359279e+06 1.000266e+01 8.772562e+10 2.279809e+03 5.110836e+03 1.299951e+04 6.879623e+03 5.411438e+11 2.418919e+11 1.498434e-05 1.235766e+03 -1.902295e+07
4.368750e+06 9.999955e+00 8.724030e+10 2.277180e+03 5.106242e+03 1.298767e+04 6.875552e+03 5.394669e+11 2.413884e+11 1.502913e-05 1.235898e+03 -1.904329e+07
4.378221e+06 9.997314e+00 8.675556e+10 2.274548e+03 5.101643e+03 1.297580e+04 6.871468e+03 5.377912e+11 2.408847e+11 1.507418e-05 1.236029e+03 -1.906391e+07
4.387692e+06 9.994740e+00 8.627140e+10 2.271912e+03 5.097040e+03 1.296391e+04 6.867373e+03 5.361168e+11 2.403806e+11 1.511949e-05 1.236162e+03 -1.908463e+07
4.397163e+06 9.992231e+00 8.578783e+10 2.269272e+03 5.092432e+03 1.295201e+04 6.863267e+03 5.344435e+11 2.398761e+11 1.516508e-05 1.236295e+03 -1.910554e+07
4.406635e+06 9.989788e+00 8.530479e+10 2.266628e+03 5.087819e+03 1.294008e+04 6.859148e+03 5.327713e+11 2.393712e+11 1.521094e-05 1.236430e+03 -1.912636e+07
4.416106e+06 9.987409e+00 8.482238e+10 2.263981e+03 5.083201e+03 1.292813e+04 6.855018e+03 5.311004e+11 2.388661e+11 1.525707e-05 1.236565e+03 -1.914736e+07
4.425577e+06 9.985094e+00 8.434054e+10 2.261329e+03 5.078579e+03 1.291616e+04 6.850876e+03 5.294308e+11 2.383606e+11 1.530348e-05 1.236700e+03 -1.916847e+07
4.435048e+06 9.982842e+00 8.385927e+10 2.258674e+03 5.073951e+03 1.290417e+04 6.846723e+03 5.277623e+11 2.378547e+11 1.535017e-05 1.236837e+03 -1.918968e+07
4.444519e+06 9.980651e+00 8.337857e+10 2.256015e+03 5.069319e+03 1.289215e+04 6.842557e+03 5.260949e+11 2.373485e+11 1.539714e-05 1.236974e+03 -1.921098e+07
4.453990e+06 9.978522e+00 8.289843e+10 2.253352e+03 5.064682e+03 1.288012e+04 6.838379e+03 5.244287e+11 2.368419e+11 1.544440e-05 1.237112e+03 -1.923239e+07
4.463462e+06 9.976454e+00 8.241881e+10 2.250684e+03 5.060039e+03 1.286806e+04 6.834189e+03 5.227635e+11 2.363348e+11 1.549195e-05 1.237251e+03 -1.925389e+07
4.472933e+06 9.974446e+00 8.193980e+10 2.248013e+03 5.055391e+03 1.285598e+04 6.829986e+03 5.210995e+11 2.358275e+11 1.553979e-05 1.237391e+03 -1.927550e+07
4.482404e+06 9.972497e+00 8.146134e+10 2.245337e+03 5.050738e+03 1.284388e+04 6.825772e+03 5.194367e+11 2.353198e+11 1.558792e-05 1.237531e+03 -1.929721e+07
4.491875e+06 9.970606e+00 8.098344e+10 2.242657e+03 5.046080e+03 1.283176e+04 6.821545e+03 5.177750e+11 2.348116e+11 1.563636e-05 1.237673e+03 -1.931903e+07
4.501346e+06 9.968773e+00 8.050609e+10 2.239973e+03 5.041417e+03 1.281961e+04 6.817305e+03 5.161143e+11 2.343031e+11 1.568509e-05 1.237815e+03 -1.934095e+07
4.510817e+06 9.966997e+00 8.002929e+10 2.237285e+03 5.036748e+03 1.280744e+04 6.813053e+03 5.144547e+11 2.337942e+11 1.573413e-05 1.237958e+03 -1.936298e+07
4.520288e+06 9.965278e+00 7.955303e+10 2.234593e+03 5.032074e+03 1.279525e+04 6.808788e+03 5.127962e+11 2.332849e+11 1.578347e-05 1.238102e+03 -1.938511e+07
4.529760e+06 9.963614e+00 7.907727e+10 2.231896e+03 5.027394e+03 1.278303e+04 6.804510e+03 5.111385e+11 2.327752e+11 1.583313e-05 1.238247e+03 -1.940737e+07
4.539231e+06 9.962006e+00 7.860211e+10 2.229195e+03 5.022709e+03 1.277079e+04 6.800219e+03 5.094821e+11 2.322650e+11 1.588311e-05 1.238393e+03 -1.942980e+07
4.548702e+06 9.960452e+00 7.812748e+10 2.226489e+03 5.018019e+03 1.275852e+04 6.795916e+03 5.078267e+11 2.317545e+11 1.593339e-05 1.238540e+03 -1.945228e+07
4.558173e+06 9.958951e+00 7.765339e+10 2.223779e+03 5.013322e+03 1.274624e+04 6.791599e+03 5.061724e+11 2.312436e+11 1.598400e-05 1.238687e+03 -1.947487e+07
4.567644e+06 9.957504e+00 7.717983e+10 2.221065e+03 5.008620e+03 1.273392e+04 6.787269e+03 5.045190e+11 2.307322e+11 1.603494e-05 1.238836e+03 -1.949757e+07
4.577115e+06 9.956109e+00 7.670681e+10 2.218346e+03 5.003913e+03 1.272159e+04 6.782926e+03 5.028667e+11 2.302205e+11 1.608620e-05 1.238985e+03 -1.952039e+07
4.586587e+06 9.954765e+00 7.623426e+10 2.215623e+03 4.999199e+03 1.270923e+04 6.778570e+03 5.012151e+11 2.297082e+11 1.613779e-05 1.239135e+03 -1.954333e+07
4.596058e+06 9.953473e+00 7.576230e+10 2.212895e+03 4.994479e+03 1.269684e+04 6.774200e+03 4.995647e+11 2.291956e+11 1.618972e-05 1.239287e+03 -1.956639e+07
4.605529e+06 9.952231e+00 7.529086e+10 2.210162e+03 4.989754e+03 1.268443e+04 6.769817e+03 4.979153e+11 2.286825e+11 1.624199e-05 1.239439e+03 -1.958956e+07
4.615000e+06 9.951039e+00 7.481995e+10 2.207425e+03 4.985023e+03 1.267199e+04 6.765420e+03 4.962669e+11 2.281690e+11 1.629460e-05 1.239592e+03 -1.961285e+07
4.624471e+06 9.949897e+00 7.434955e+10 2.204683e+03 4.980286e+03 1.265953e+04 6.761010e+03 4.946194e+11 2.276551e+11 1.634755e-05 1.239746e+03 -1.963627e+07
4.633942e+06 9.948803e+00 7.387968e+10 2.201936e+03 4.975543e+03 1.264705e+04 6.756586e+03 4.929728e+11 2.271407e+11 1.640085e-05 1.239901e+03 -1.965981e+07
4.643413e+06 9.947756e+00 7.341033e+10 2.199185e+03 4.970793e+03 1.263453e+04 6.752148e+03 4.913272e+11 2.266259e+11 1.645451e-05 1.240057e+03 -1.968347e+07
4.652885e+06 9.946757e+00 7.294144e+10 2.196428e+03 4.966037e+03 1.262200e+04 6.747695e+03 4.896823e+11 2.261106e+11 1.650853e-05 1.240215e+03 -1.970726e+07
4.662356e+06 9.945805e+00 7.247312e+10 2.193667e+03 4.961275e+03 1.260943e+04 6.743229e+03 4.880385e+11 2.255948e+11 1.656291e-05 1.240373e+03 -1.973117e+07
4.671827e+06 9.944899e+00 7.200531e+10 2.190901e+03 4.956507e+03 1.259684e+04 6.738749e+03 4.863956e+11 2.250786e+11 1.661765e-05 1.240532e+03 -1.975521e+07
4.681298e+06 9.944039e+00 7.153801e+10 2.188130e+03 4.951733e+03 1.258422e+04 6.734254e+03 4.847537e+11 2.245620e+11 1.667276e-05 1.240692e+03 -1.977938e+07
4.690769e+06 9.943224e+00 7.107122e+10 2.185354e+03 4.946952e+03 1.257158e+04 6.729745e+03 4.831126e+11 2.240448e+11 1.672824e-05 1.240854e+03 -1.980368e+07
4.700240e+06 9.942453e+00 7.060494e+10 2.182573e+03 4.942165e+03 1.255891e+04 6.725222e+03 4.814723e+11 2.235272e+11 1.678410e-05 1.241016e+03 -1.982811e+07
4.709712e+06 9.941725e+00 7.013912e+10 2.179787e+03 4.937370e+03 1.254621e+04 6.720683e+03 4.798328e+11 2.230091e+11 1.684035e-05 1.241179e+03 -1.985268e+07
4.719183e+06 9.941041e+00 6.967385e+10 2.176996e+03 4.932570e+03 1.253348e+04 6.716131e+03 4.781943e+11 2.224905e+11 1.689698e-05 1.241344e+03 -1.987738e+07
4.728654e+06 9.940400e+00 6.920908e+10 2.174200e+03 4.927763e+03 1.252073e+04 6.711563e+03 4.765567e+11 2.219715e+11 1.695400e-05 1.241509e+03 -1.990221e+07
4.738125e+06 9.939801e+00 6.874481e+10 2.171398e+03 4.922949e+03 1.250795e+04 6.706981e+03 4.749199e+11 2.214520e+11 1.701141e-05 1.241676e+03 -1.992718e+07
4.747596e+06 9.939243e+00 6.828105e+10 2.168592e+03 4.918129e+03 1.249514e+04 6.702384e+03 4.732839e+11 2.209319e+11 1.706922e-05 1.241844e+03 -1.995230e+07
4.757067e+06 9.938726e+00 6.781778e+10 2.165780e+03 4.913302e+03 1.248230e+04 6.697772e+03 4.716488e+11 2.204114e+11 1.712744e-05 1.242013e+03 -1.997755e+07
4.766538e+06 9.938250e+00 6.735501e+10 2.162963e+03 4.908468e+03 1.246943e+04 6.693144e+03 4.700145e+11 2.198904e+11 1.718607e-05 1.242183e+03 -2.000294e+07
4.776010e+06 9.937814e+00 6.689269e+10 2.160140e+03 4.903626e+03 1.245654e+04 6.688501e+03 4.683808e+11 2.193688e+11 1.724511e-05 1.242355e+03 -2.002848e+07
4.785481e+06 9.937416e+00 6.643091e+10 2.157312e+03 4.898778e+03 1.244361e+04 6.683843e+03 4.667481e+11 2.188468e+11 1.730456e-05 1.242527e+03 -2.005416e+07
4.794952e+06 9.937058e+00 6.596962e+10 2.154478e+03 4.893923e+03 1.243066e+04 6.679169e+03 4.651162e+11 2.183243e+11 1.736444e-05 1.242701e+03 -2.007999e+07
4.804423e+06 9.936738e+00 6.550883e+10 2.151640e+03 4.889061e+03 1.241768e+04 6.674480e+03 4.634851e+11 2.178012e+11 1.742475e-05 1.242876e+03 -2.010597e+07
4.813894e+06 9.936456e+00 6.504852e+10 2.148795e+03 4.884192e+03 1.240466e+04 6.669775e+03 4.618548e+11 2.172777e+11 1.748548e-05 1.243052e+03 -2.013210e+07
4.823365e+06 9.936211e+00 6.458871e+10 2.145945e+03 4.879315e+03 1.239162e+04 6.665054e+03 4.602252e+11 2.167536e+11 1.754666e-05 1.243229e+03 -2.015838e+07
4.832837e+06 9.936003e+00 6.412934e+10 2.143090e+03 4.874431e+03 1.237855e+04 6.660317e+03 4.585962e+11 2.162289e+11 1.760828e-05 1.243408e+03 -2.018472e+07
4.842308e+06 9.935832e+00 6.367050e+10 2.140228e+03 4.869540e+03 1.236544e+04 6.655565e+03 4.569682e+11 2.157038e+11 1.767035e-05 1.243587e+03 -2.021140e+07
4.851779e+06 9.935695e+00 6.321215e+10 2.137362e+03 4.864642e+03 1.235231e+04 6.650796e+03 4.553409e+11 2.151781e+11 1.773286e-05 1.243768e+03 -2.023814e+07
4.861250e+06 9.935595e+00 6.275428e+10 2.134489e+03 4.859736e+03 1.233915e+04 6.646011e+03 4.537144e+11 2.146519e+11 1.779584e-05 1.243951e+03 -2.026504e+07
4.870721e+06 9.935528e+00 6.229690e+10 2.131611e+03 4.854823e+03 1.232595e+04 6.641209e+03 4.520886e+11 2.141251e+11 1.785927e-05 1.244135e+03 -2.029210e+07
4.880192e+06 9.935496e+00 6.184000e+10 2.128727e+03 4.849902e+03 1.231272e+04 6.636391e+03 4.504635e+11 2.135978e+11 1.792318e-05 1.244320e+03 -2.031932e+07
4.889663e+06 9.935498e+00 6.138359e+10 2.125837e+03 4.844973e+03 1.229947e+04 6.631556e+03 4.488391e+11 2.130700e+11 1.798756e-05 1.244506e+03 -2.034671e+07
4.899135e+06 9.935533e+00 6.092761e+10 2.122940e+03 4.840037e+03 1.228618e+04 6.626705e+03 4.472153e+11 2.125416e+11 1.805243e-05 1.244694e+03 -2.037425e+07
4.908606e+06 9.935601e+00 6.047216e+10 2.120038e+03 4.835093e+03 1.227285e+04 6.621836e+03 4.455924e+11 2.120126e+11 1.811778e-05 1.244883e+03 -2.040197e+07
4.918077e+06 9.935702e+00 6.001719e+10 2.117131e+03 4.830141e+03 1.225950e+04 6.616951e+03 4.439702e+11 2.114831e+11 1.818361e-05 1.245073e+03 -2.042986e+07
4.927548e+06 9.935834e+00 5.956270e+10 2.114217e+03 4.825182e+03 1.224611e+04 6.612049e+03 4.423486e+11 2.109530e+11 1.824995e-05 1.245265e+03 -2.045792e+07
4.937019e+06 9.935997e+00 5.910869e+10 2.111297e+03 4.820214e+03 1.223269e+04 6.607130e+03 4.407278e+11 2.104224e+11 1.831679e-05 1.245458e+03 -2.048615e+07
4.946490e+06 9.936191e+00 5.865516e+10 2.108370e+03 4.815239e+03 1.221924e+04 6.602193e+03 4.391076e+11 2.098912e+11 1.838414e-05 1.245653e+03 -2.051456e+07
4.955962e+06 9.936416e+00 5.820206e+10 2.105438e+03 4.810255e+03 1.220575e+04 6.597238e+03 4.374879e+11 2.093594e+11 1.845201e-05 1.245849e+03 -2.054315e+07
4.965433e+06 9.936671e+00 5.774948e+10 2.102499e+03 4.805263e+03 1.219223e+04 6.592266e+03 4.358691e+11 2.088270e+11 1.852039e-05 1.246047e+03 -2.057190e+07
4.974904e+06 9.936955e+00 5.729738e+10 2.099554e+03 4.800263e+03 1.217868e+04 6.587277e+03 4.342509e+11 2.082941e+11 1.858931e-05 1.246246e+03 -2.060091e+07
4.984375e+06 9.937269e+00 5.684575e+10 2.096603e+03 4.795255e+03 1.216509e+04 6.582269e+03 4.326334e+11 2.077605e+11 1.865876e-05 1.246446e+03 -2.062993e+07
4.993846e+06 9.937611e+00 5.639461e+10 2.093646e+03 4.790239e+03 1.215147e+04 6.577244e+03 4.310166e+11 2.072264e+11 1.872875e-05 1.246648e+03 -2.065924e+07
5.003317e+06 9.937981e+00 5.594394e+10 2.090682e+03 4.785215e+03 1.213782e+04 6.572201e+03 4.294004e+11 2.066917e+11 1.879929e-05 1.246852e+03 -2.068873e+07
5.012788e+06 9.938379e+00 5.549374e+10 2.087711e+03 4.780182e+03 1.212413e+04 6.567139e+03 4.277848e+11 2.061564e+11 1.887038e-05 1.247057e+03 -2.071842e+07
5.022260e+06 9.938804e+00 5.504397e+10 2.084734e+03 4.775140e+03 1.211040e+04 6.562059e+03 4.261697e+11 2.056204e+11 1.894205e-05 1.247264e+03 -2.074830e+07
5.031731e+06 9.939257e+00 5.459472e+10 2.081751e+03 4.770090e+03 1.209664e+04 6.556960e+03 4.245554e+11 2.050839e+11 1.901427e-05 1.247472e+03 -2.077836e+07
5.041202e+06 9.939735e+00 5.414595e+10 2.078760e+03 4.765031e+03 1.208284e+04 6.551843e+03 4.229417e+11 2.045468e+11 1.908707e-05 1.247683e+03 -2.080863e+07
5.050673e+06 9.940240e+00 5.369765e+10 2.075764e+03 4.759964e+03 1.206901e+04 6.546707e+03 4.213286e+11 2.040091e+11 1.916046e-05 1.247894e+03 -2.083909e+07
5.060144e+06 9.940770e+00 5.324982e+10 2.072760e+03 4.754888e+03 1.205514e+04 6.541553e+03 4.197162e+11 2.034707e+11 1.923443e-05 1.248107e+03 -2.086975e+07
5.069615e+06 9.941326e+00 5.280247e+10 2.069750e+03 4.749803e+03 1.204123e+04 6.536379e+03 4.181043e+11 2.029318e+11 1.930901e-05 1.248322e+03 -2.090062e+07
5.079087e+06 9.941906e+00 5.235555e+10 2.066733e+03 4.744709e+03 1.202729e+04 6.531186e+03 4.164929e+11 2.023921e+11 1.938419e-05 1.248539e+03 -2.093169e+07
5.088558e+06 9.942511e+00 5.190914e+10 2.063709e+03 4.739607e+03 1.201331e+04 6.525973e+03 4.148822e+11 2.018519e+11 1.945999e-05 1.248758e+03 -2.096297e+07
5.098029e+06 9.943140e+00 5.146321e+10 2.060678e+03 4.734495e+03 1.199929e+04 6.520742e+03 4.132722e+11 2.013111e+11 1.953640e-05 1.248978e+03 -2.099463e+07
5.107500e+06 9.943792e+00 5.101776e+10 2.057640e+03 4.729375e+03 1.198524e+04 6.515491e+03 4.116627e+11 2.007696e+11 1.961344e-05 1.249200e+03 -2.102615e+07
5.116971e+06 9.944467e+00 5.057277e+10 2.054595e+03 4.724245e+03 1.197115e+04 6.510220e+03 4.100537e+11 2.002275e+11 1.969113e-05 1.249423e+03 -2.105808e+07
5.126442e+06 9.945166e+00 5.012827e+10 2.051543e+03 4.719106e+03 1.195702e+04 6.504929e+03 4.084454e+11 1.996847e+11 1.976945e-05 1.249649e+03 -2.109021e+07
5.135913e+06 9.945886e+00 4.968423e+10 2.048484e+03 4.713958e+03 1.194285e+04 6.499618e+03 4.068376e+11 1.991413e+11 1.984844e-05 1.249876e+03 -2.112258e+07
5.145385e+06 9.946629e+00 4.924062e+10 2.045418e+03 4.708800e+03 1.192864e+04 6.494287e+03 4.052303e+11 1.985972e+11 1.992809e-05 1.250106e+03 -2.115516e+07
5.154856e+06 9.947393e+00 4.879753e+10 2.042344e+03 4.703633e+03 1.191439e+04 6.488935e+03 4.036236e+11 1.980525e+11 2.000841e-05 1.250337e+03 -2.118797e+07
5.164327e+06 9.948178e+00 4.835492e+10 2.039263e+03 4.698457e+03 1.190011e+04 6.483564e+03 4.020175e+11 1.975071e+11 2.008940e-05 1.250570e+03 -2.122101e+07
5.173798e+06 9.948984e+00 4.791278e+10 2.036175e+03 4.693271e+03 1.188578e+04 6.478171e+03 4.004120e+11 1.969611e+11 2.017109e-05 1.250805e+03 -2.125427e+07
5.183269e+06 9.949810e+00 4.747112e+10 2.033080e+03 4.688076e+03 1.187142e+04 6.472758e+03 3.988070e+11 1.964144e+11 2.025348e-05 1.251042e+03 -2.128778e+07
5.192740e+06 9.950657e+00 4.702993e+10 2.029977e+03 4.682871e+03 1.185701e+04 6.467324e+03 3.972025e+11 1.958671e+11 2.033657e-05 1.251281e+03 -2.132152e+07
5.202212e+06 9.951523e+00 4.658917e+10 2.026866e+03 4.677656e+03 1.184256e+04 6.461868e+03 3.955984e+11 1.953190e+11 2.042040e-05 1.251522e+03 -2.135550e+07
5.211683e+06 9.952409e+00 4.614894e+10 2.023748e+03 4.672431e+03 1.182807e+04 6.456392e+03 3.939950e+11 1.947703e+11 2.050494e-05 1.251765e+03 -2.138973e+07
5.221154e+06 9.953313e+00 4.570918e+10 2.020623e+03 4.667197e+03 1.181355e+04 6.450894e+03 3.923922e+11 1.942209e+11 2.059021e-05 1.252010e+03 -2.142420e+07
5.230625e+06 9.954236e+00 4.526989e+10 2.017489e+03 4.661952e+03 1.179898e+04 6.445375e+03 3.907898e+11 1.936708e+11 2.067624e-05 1.252257e+03 -2.145892e+07
5.240096e+06 9.955177e+00 4.483109e+10 2.014348e+03 4.656698e+03 1.178436e+04 6.439833e+03 3.891880e+11 1.931200e+11 2.076302e-05 1.252506e+03 -2.149390e+07
5.249567e+06 9.956136e+00 4.439276e+10 2.011200e+03 4.651434e+03 1.176971e+04 6.434270e+03 3.875867e+11 1.925686e+11 2.085057e-05 1.252758e+03 -2.152913e+07
5.259038e+06 9.957113e+00 4.395491e+10 2.008043e+03 4.646159e+03 1.175501e+04 6.428685e+03 3.859858e+11 1.920164e+11 2.093890e-05 1.253011e+03 -2.156462e+07
5.268510e+06 9.958106e+00 4.351750e+10 2.004878e+03 4.640874e+03 1.174027e+04 6.423077e+03 3.843854e+11 1.914635e+11 2.102803e-05 1.253267e+03 -2.160038e+07
5.277981e+06 9.959117e+00 4.308061e+10 2.001706e+03 4.635579e+03 1.172549e+04 6.417447e+03 3.827856e+11 1.909100e+11 2.111796e-05 1.253525e+03 -2.163640e+07
5.287452e+06 9.960143e+00 4.264420e+10 1.998525e+03 4.630273e+03 1.171066e+04 6.411795e+03 3.811862e+11 1.903557e+11 2.120869e-05 1.253785e+03 -2.167270e+07
5.296923e+06 9.961186e+00 4.220827e+10 1.995337e+03 4.624957e+03 1.169579e+04 6.406120e+03 3.795874e+11 1.898007e+11 2.130025e-05 1.254048e+03 -2.170927e+07
5.306394e+06 9.962245e+00 4.177282e+10 1.992140e+03 4.619631e+03 1.168088e+04 6.400422e+03 3.779891e+11 1.892450e+11 2.139264e-05 1.254313e+03 -2.174611e+07
5.315865e+06 9.963319e+00 4.133786e+10 1.988935e+03 4.614294e+03 1.166592e+04 6.394700e+03 3.763912e+11 1.886886e+11 2.148588e-05 1.254581e+03 -2.178324e+07
5.325337e+06 9.964408e+00 4.090333e+10 1.985721e+03 4.608945e+03 1.165091e+04 6.388955e+03 3.747937e+11 1.881314e+11 2.157998e-05 1.254850e+03 -2.182065e+07
5.334808e+06 9.965511e+00 4.046934e+10 1.982500e+03 4.603587e+03 1.163586e+04 6.383187e+03 3.731968e+11 1.875735e+11 2.167495e-05 1.255123e+03 -2.185835e+07
5.344279e+06 9.966629e+00 4.003583e+10 1.979270e+03 4.598217e+03 1.162077e+04 6.377395e+03 3.716003e+11 1.870149e+11 2.177081e-05 1.255397e+03 -2.189635e+07
5.353750e+06 9.967761e+00 3.960280e+10 1.976031e+03 4.592837e+03 1.160563e+04 6.371580e+03 3.700044e+11 1.864555e+11 2.186756e-05 1.255675e+03 -2.193464e+07
5.363221e+06 9.968907e+00 3.917026e+10 1.972784e+03 4.587446e+03 1.159044e+04 6.365740e+03 3.684088e+11 1.858954e+11 2.196522e-05 1.255954e+03 -2.197323e+07
5.372692e+06 9.970066e+00 3.873822e+10 1.969529e+03 4.582044e+03 1.157520e+04 6.359876e+03 3.668138e+11 1.853346e+11 2.206380e-05 1.256237e+03 -2.201212e+07
5.382163e+06 9.971238e+00 3.830666e+10 1.966265e+03 4.576630e+03 1.155992e+04 6.353988e+03 3.652192e+11 1.847730e+11 2.216332e-05 1.256522e+03 -2.205132e+07
5.391635e+06 9.972423e+00 3.787554e+10 1.962991e+03 4.571205e+03 1.154459e+04 6.348074e+03 3.636249e+11 1.842106e+11 2.226381e-05 1.256810e+03 -2.209084e+07
5.401106e+06 9.973620e+00 3.744496e+10 1.959710e+03 4.565769e+03 1.152921e+04 6.342136e+03 3.620312e+11 1.836475e+11 2.236524e-05 1.257100e+03 -2.213068e+07
5.410577e+06 9.974830e+00 3.701487e+10 1.956419e+03 4.560322e+03 1.151379e+04 6.336173e+03 3.604379e+11 1.830836e+11 2.246766e-05 1.257393e+03 -2.217084e+07
5.420048e+06 9.976051e+00 3.658528e+10 1.953120e+03 4.554863e+03 1.149831e+04 6.330185e+03 3.588451e+11 1.825190e+11 2.257107e-05 1.257689e+03 -2.221119e+07
5.429519e+06 9.977283e+00 3.615618e+10 1.949811e+03 4.549392e+03 1.148279e+04 6.324171e+03 3.572527e+11 1.819536e+11 2.267549e-05 1.257988e+03 -2.225215e+07
5.438990e+06 9.978526e+00 3.572758e+10 1.946493e+03 4.543910e+03 1.146721e+04 6.318132e+03 3.556607e+11 1.813874e+11 2.278094e-05 1.258289e+03 -2.229331e+07
5.448462e+06 9.979781e+00 3.529943e+10 1.943166e+03 4.538416e+03 1.145159e+04 6.312066e+03 3.540690e+11 1.808204e+11 2.288744e-05 1.258594e+03 -2.233481e+07
5.457933e+06 9.981046e+00 3.487182e+10 1.939830e+03 4.532910e+03 1.143591e+04 6.305974e+03 3.524779e+11 1.802526e+11 2.299498e-05 1.258902e+03 -2.237665e+07
5.467404e+06 9.982321e+00 3.444471e+10 1.936485e+03 4.527393e+03 1.142019e+04 6.299857e+03 3.508871e+11 1.796840e+11 2.310359e-05 1.259212e+03 -2.241885e+07
5.476875e+06 9.983605e+00 3.401810e+10 1.933131e+03 4.521863e+03 1.140441e+04 6.293712e+03 3.492968e+11 1.791147e+11 2.321330e-05 1.259526e+03 -2.246140e+07
5.486346e+06 9.984900e+00 3.359200e+10 1.929767e+03 4.516321e+03 1.138859e+04 6.287541e+03 3.477069e+11 1.785445e+11 2.332411e-05 1.259842e+03 -2.250431e+07
5.495817e+06 9.986204e+00 3.316640e+10 1.926393e+03 4.510768e+03 1.137270e+04 6.281343e+03 3.461175e+11 1.779736e+11 2.343605e-05 1.260162e+03 -2.254760e+07
5.505288e+06 9.987516e+00 3.274130e+10 1.923010e+03 4.505202e+03 1.135677e+04 6.275118e+03 3.445284e+11 1.774018e+11 2.354912e-05 1.260485e+03 -2.259125e+07
5.514760e+06 9.988838e+00 3.231667e+10 1.919617e+03 4.499623e+03 1.134078e+04 6.268864e+03 3.429395e+11 1.768291e+11 2.366337e-05 1.260811e+03 -2.263529e+07
5.524231e+06 9.990167e+00 3.189259e+10 1.916214e+03 4.494032e+03 1.132474e+04 6.262584e+03 3.413512e+11 1.762557e+11 2.377879e-05 1.261141e+03 -2.267971e+07
5.533702e+06 9.991505e+00 3.146901e+10 1.912802e+03 4.488428e+03 1.130865e+04 6.256275e+03 3.397633e+11 1.756815e+11 2.389540e-05 1.261474e+03 -2.272452e+07
5.543173e+06 9.992850e+00 3.104595e+10 1.909380e+03 4.482812e+03 1.129250e+04 6.249938e+03 3.381758e+11 1.751064e+11 2.401323e-05 1.261810e+03 -2.276973e+07
5.552644e+06 9.994203e+00 3.062340e+10 1.905948e+03 4.477183e+03 1.127630e+04 6.243573e+03 3.365886e+11 1.745305e+11 2.413230e-05 1.262150e+03 -2.281534e+07
5.562115e+06 9.995564e+00 3.020137e+10 1.902505e+03 4.471542e+03 1.126004e+04 6.237179e+03 3.350018e+11 1.739537e+11 2.425263e-05 1.262494e+03 -2.286136e+07
5.571587e+06 9.996931e+00 2.977981e+10 1.899053e+03 4.465887e+03 1.124372e+04 6.230755e+03 3.334152e+11 1.733760e+11 2.437424e-05 1.262841e+03 -2.290780e+07
5.581058e+06 9.998305e+00 2.935881e+10 1.895590e+03 4.460219e+03 1.122735e+04 6.224303e+03 3.318292e+11 1.727976e+11 2.449714e-05 1.263191e+03 -2.295466e+07
5.590529e+06 9.999685e+00 2.893832e+10 1.892117e+03 4.454538e+03 1.121092e+04 6.217822e+03 3.302435e+11 1.722183e+11 2.462137e-05 1.263545e+03 -2.300195e+07
5.600000e+06 1.000107e+01 2.851836e+10 1.888634e+03 4.448844e+03 1.119444e+04 6.211310e+03 3.286581e+11 1.716381e+11 2.474693e-05 1.263903e+03 -2.304967e+07
5.600000e+06 1.000107e+01 2.851836e+10 1.888634e+03 4.448844e+03 1.119444e+04 6.211310e+03 3.286581e+11 1.716381e+11 2.474693e-05 1.263903e+03 -2.304967e+07
5.607562e+06 1.000216e+01 2.818350e+10 1.885846e+03 4.444290e+03 1.118124e+04 6.206091e+03 3.273929e+11 1.711743e+11 2.484814e-05 1.264192e+03 -2.308809e+07
5.615125e+06 1.000324e+01 2.784897e+10 1.883051e+03 4.439726e+03 1.116800e+04 6.200852e+03 3.261278e+11 1.707100e+11 2.495024e-05 1.264483e+03 -2.312679e+07
5.622688e+06 1.000432e+01 2.751482e+10 1.880250e+03 4.435155e+03 1.115472e+04 6.195595e+03 3.248631e+11 1.702452e+11 2.505322e-05 1.264777e+03 -2.316577e+07
5.630250e+06 1.000541e+01 2.718109e+10 1.877442e+03 4.430576e+03 1.114141e+04 6.190319e+03 3.235990e+11 1.697799e+11 2.515707e-05 1.265072e+03 -2.320504e+07
5.637812e+06 1.000649e+01 2.684775e+10 1.874628e+03 4.425989e+03 1.112807e+04 6.185024e+03 3.223353e+11 1.693141e+11 2.526183e-05 1.265371e+03 -2.324460e+07
5.645375e+06 1.000756e+01 2.651475e+10 1.871808e+03 4.421393e+03 1.111468e+04 6.179710e+03 3.210718e+11 1.688478e+11 2.536752e-05 1.265672e+03 -2.328447e+07
5.652938e+06 1.000864e+01 2.618214e+10 1.868981e+03 4.416790e+03 1.110126e+04 6.174377e+03 3.198087e+11 1.683810e+11 2.547413e-05 1.265976e+03 -2.332463e+07
5.660500e+06 1.000971e+01 2.584997e+10 1.866147e+03 4.412179e+03 1.108781e+04 6.169025e+03 3.185462e+11 1.679137e+11 2.558167e-05 1.266282e+03 -2.336508e+07
5.668062e+06 1.001078e+01 2.551819e+10 1.863307e+03 4.407559e+03 1.107432e+04 6.163653e+03 3.172841e+11 1.674459e+11 2.569016e-05 1.266591e+03 -2.340585e+07
5.675625e+06 1.001184e+01 2.518678e+10 1.860461e+03 4.402931e+03 1.106079e+04 6.158262e+03 3.160223e+11 1.669776e+11 2.579963e-05 1.266903e+03 -2.344693e+07
5.683188e+06 1.001290e+01 2.485576e+10 1.857607e+03 4.398295e+03 1.104722e+04 6.152851e+03 3.147609e+11 1.665088e+11 2.591007e-05 1.267217e+03 -2.348833e+07
5.690750e+06 1.001396e+01 2.452520e+10 1.854748e+03 4.393651e+03 1.103362e+04 6.147420e+03 3.135001e+11 1.660395e+11 2.602149e-05 1.267534e+03 -2.353003e+07
5.698312e+06 1.001501e+01 2.419504e+10 1.851881e+03 4.388999e+03 1.101997e+04 6.141970e+03 3.122397e+11 1.655697e+11 2.613391e-05 1.267854e+03 -2.357207e+07
5.705875e+06 1.001606e+01 2.386525e+10 1.849008e+03 4.384339e+03 1.100629e+04 6.136500e+03 3.109796e+11 1.650994e+11 2.624736e-05 1.268177e+03 -2.361443e+07
5.713438e+06 1.001710e+01 2.353586e+10 1.846128e+03 4.379669e+03 1.099257e+04 6.131009e+03 3.097199e+11 1.646286e+11 2.636185e-05 1.268503e+03 -2.365711e+07
5.721000e+06 1.001814e+01 2.320694e+10 1.843605e+03 3.995678e+03 9.859324e+03 5.233679e+03 2.424753e+11 1.094472e+11 1.969497e-05 1.202784e+03 -1.383585e+07
5.721000e+06 1.001814e+01 2.320694e+10 1.843605e+03 3.995678e+03 9.859324e+03 5.233679e+03 2.424753e+11 1.094472e+11 1.969497e-05 1.202784e+03 -1.383585e+07
5.724572e+06 1.001775e+01 2.306220e+10 1.842510e+03 3.993290e+03 9.852453e+03 5.231709e+03 2.418993e+11 1.092995e+11 1.975011e-05 1.202915e+03 -1.384197e+07
5.728143e+06 1.001735e+01 2.291766e+10 1.841414e+03 3.990901e+03 9.845576e+03 5.229736e+03 2.413238e+11 1.091517e+11 1.980552e-05 1.203047e+03 -1.384813e+07
5.731714e+06 1.001695e+01 2.277330e+10 1.840316e+03 3.988511e+03 9.838692e+03 5.227760e+03 2.407488e+11 1.090039e+11 1.986120e-05 1.203180e+03 -1.385435e+07
5.735286e+06 1.001655e+01 2.262906e+10 1.839216e+03 3.986118e+03 9.831798e+03 5.225779e+03 2.401739e+11 1.088560e+11 1.991718e-05 1.203313e+03 -1.386061e+07
5.738857e+06 1.001614e+01 2.248502e+10 1.838114e+03 3.983725e+03 9.824899e+03 5.223794e+03 2.395996e+11 1.087080e+11 1.997342e-05 1.203448e+03 -1.386693e+07
5.742428e+06 1.001573e+01 2.234115e+10 1.837011e+03 3.981330e+03 9.817992e+03 5.221806e+03 2.390256e+11 1.085600e+11 2.002995e-05 1.203582e+03 -1.387329e+07
5.746000e+06 1.001531e+01 2.219740e+10 1.835905e+03 3.978933e+03 9.811076e+03 5.219814e+03 2.384519e+11 1.084118e+11 2.008679e-05 1.203718e+03 -1.387971e+07
5.749572e+06 1.001488e+01 2.205382e+10 1.834798e+03 3.976534e+03 9.804152e+03 5.217818e+03 2.378785e+11 1.082636e+11 2.014391e-05 1.203854e+03 -1.388618e+07
5.753143e+06 1.001445e+01 2.191044e+10 1.833690e+03 3.974134e+03 9.797222e+03 5.215818e+03 2.373057e+11 1.081154e+11 2.020131e-05 1.203992e+03 -1.389269e+07
5.756714e+06 1.001402e+01 2.176722e+10 1.832580e+03 3.971733e+03 9.790284e+03 5.213815e+03 2.367332e+11 1.079670e+11 2.025901e-05 1.204129e+03 -1.389926e+07
5.760286e+06 1.001358e+01 2.162412e+10 1.831467e+03 3.969329e+03 9.783337e+03 5.211807e+03 2.361610e+11 1.078186e+11 2.031702e-05 1.204268e+03 -1.390589e+07
5.763857e+06 1.001314e+01 2.148123e+10 1.830353e+03 3.966925e+03 9.776383e+03 5.209795e+03 2.355893e+11 1.076701e+11 2.037531e-05 1.204408e+03 -1.391255e+07
5.767428e+06 1.001269e+01 2.133850e+10 1.829238e+03 3.964518e+03 9.769422e+03 5.207780e+03 2.350179e+11 1.075216e+11 2.043390e-05 1.204548e+03 -1.391930e+07
5.771000e+06 1.001224e+01 2.119589e+10 1.828120e+03 3.962110e+03 9.762451e+03 5.205760e+03 2.344467e+11 1.073729e+11 2.049281e-05 1.204689e+03 -1.392608e+07
5.777334e+06 1.001142e+01 2.094340e+10 1.826133e+03 3.957835e+03 9.750069e+03 5.202168e+03 2.334348e+11 1.071091e+11 2.059804e-05 1.204941e+03 -1.393825e+07
5.783666e+06 1.001059e+01 2.069150e+10 1.824142e+03 3.953555e+03 9.737666e+03 5.198565e+03 2.324244e+11 1.068452e+11 2.070421e-05 1.205195e+03 -1.395058e+07
5.790000e+06 1.000975e+01 2.044002e+10 1.822143e+03 3.949269e+03 9.725233e+03 5.194949e+03 2.314147e+11 1.065809e+11 2.081141e-05 1.205452e+03 -1.396309e+07
5.796334e+06 1.000889e+01 2.018905e+10 1.820139e+03 3.944978e+03 9.712774e+03 5.191319e+03 2.304061e+11 1.063163e+11 2.091961e-05 1.205712e+03 -1.397578e+07
5.802666e+06 1.000802e+01 1.993866e+10 1.818130e+03 3.940682e+03 9.700293e+03 5.187678e+03 2.293990e+11 1.060516e+11 2.102881e-05 1.205975e+03 -1.398865e+07
5.809000e+06 1.000713e+01 1.968869e+10 1.816114e+03 3.936380e+03 9.687782e+03 5.184022e+03 2.283927e+11 1.057866e+11 2.113907e-05 1.206240e+03 -1.400170e+07
5.815334e+06 1.000623e+01 1.943923e+10 1.814092e+03 3.932071e+03 9.675243e+03 5.180354e+03 2.273874e+11 1.055213e+11 2.125039e-05 1.206508e+03 -1.401494e+07
5.821666e+06 1.000531e+01 1.919034e+10 1.812064e+03 3.927759e+03 9.662682e+03 5.176673e+03 2.263836e+11 1.052559e+11 2.136273e-05 1.206778e+03 -1.402836e+07
5.828000e+06 1.000438e+01 1.894188e+10 1.810030e+03 3.923439e+03 9.650090e+03 5.172978e+03 2.253806e+11 1.049901e+11 2.147620e-05 1.207052e+03 -1.404198e+07
5.834334e+06 1.000343e+01 1.869392e+10 1.807990e+03 3.919114e+03 9.637471e+03 5.169270e+03 2.243786e+11 1.047240e+11 2.159076e-05 1.207328e+03 -1.405578e+07
5.840666e+06 1.000247e+01 1.844654e+10 1.805944e+03 3.914785e+03 9.624828e+03 5.165550e+03 2.233780e+11 1.044578e+11 2.170640e-05 1.207608e+03 -1.406978e+07
5.847000e+06 1.000150e+01 1.819959e+10 1.803891e+03 3.910448e+03 9.612154e+03 5.161815e+03 2.223783e+11 1.041913e+11 2.182321e-05 1.207890e+03 -1.408398e+07
5.853334e+06 1.000051e+01 1.795314e+10 1.801831e+03 3.906105e+03 9.599451e+03 5.158066e+03 2.213796e+11 1.039244e+11 2.194116e-05 1.208175e+03 -1.409839e+07
5.859666e+06 9.999501e+00 1.770728e+10 1.799766e+03 3.901758e+03 9.586725e+03 5.154305e+03 2.203823e+11 1.036575e+11 2.206023e-05 1.208464e+03 -1.411299e+07
5.866000e+06 9.998482e+00 1.746185e+10 1.797694e+03 3.897404e+03 9.573967e+03 5.150530e+03 2.193858e+11 1.033901e+11 2.218052e-05 1.208755e+03 -1.412780e+07
5.872334e+06 9.997447e+00 1.721693e+10 1.795616e+03 3.893043e+03 9.561181e+03 5.146740e+03 2.183904e+11 1.031226e+11 2.230201e-05 1.209050e+03 -1.414282e+07
5.878666e+06 9.996397e+00 1.697259e+10 1.793532e+03 3.888679e+03 9.548371e+03 5.142938e+03 2.173964e+11 1.028548e+11 2.242467e-05 1.209347e+03 -1.415804e+07
5.885000e+06 9.995332e+00 1.672869e+10 1.791440e+03 3.884307e+03 9.535528e+03 5.139121e+03 2.164033e+11 1.025867e+11 2.254859e-05 1.209648e+03 -1.417334e+07
5.891334e+06 9.994251e+00 1.648531e+10 1.789343e+03 3.879929e+03 9.522656e+03 5.135291e+03 2.154112e+11 1.023184e+11 2.267376e-05 1.209953e+03 -1.418912e+07
5.897666e+06 9.993155e+00 1.624252e+10 1.787239e+03 3.875546e+03 9.509761e+03 5.131447e+03 2.144206e+11 1.020499e+11 2.280016e-05 1.210260e+03 -1.420500e+07
5.904000e+06 9.992042e+00 1.600018e+10 1.785128e+03 3.871156e+03 9.496832e+03 5.127589e+03 2.134308e+11 1.017811e+11 2.292788e-05 1.210571e+03 -1.422115e+07
5.910334e+06 9.990913e+00 1.575836e+10 1.783010e+03 3.866761e+03 9.483874e+03 5.123716e+03 2.124421e+11 1.015120e+11 2.305689e-05 1.210886e+03 -1.423748e+07
5.916666e+06 9.989768e+00 1.551714e+10 1.780887e+03 3.862361e+03 9.470892e+03 5.119831e+03 2.114549e+11 1.012428e+11 2.318719e-05 1.211204e+03 -1.425405e+07
5.923000e+06 9.988605e+00 1.527637e+10 1.778756e+03 3.857953e+03 9.457877e+03 5.115930e+03 2.104685e+11 1.009732e+11 2.331886e-05 1.211526e+03 -1.427085e+07
5.929334e+06 9.987426e+00 1.503615e+10 1.776618e+03 3.853540e+03 9.444833e+03 5.112015e+03 2.094833e+11 1.007034e+11 2.345188e-05 1.211851e+03 -1.428788e+07
5.935666e+06 9.986229e+00 1.479653e+10 1.774475e+03 3.849122e+03 9.431765e+03 5.108088e+03 2.084996e+11 1.004334e+11 2.358624e-05 1.212179e+03 -1.430515e+07
5.942000e+06 9.985014e+00 1.455738e+10 1.772324e+03 3.844697e+03 9.418663e+03 5.104145e+03 2.075168e+11 1.001632e+11 2.372203e-05 1.212512e+03 -1.432259e+07
5.948334e+06 9.983782e+00 1.431878e+10 1.770166e+03 3.840267e+03 9.405532e+03 5.100187e+03 2.065352e+11 9.989268e+10 2.385923e-05 1.212848e+03 -1.434055e+07
5.954666e+06 9.982531e+00 1.408080e+10 1.768002e+03 3.835832e+03 9.392377e+03 5.096217e+03 2.055552e+11 9.962204e+10 2.399782e-05 1.213188e+03 -1.435843e+07
5.961000e+06 9.981261e+00 1.384330e+10 1.765922e+03 3.601832e+03 8.566151e+03 4.564456e+03 1.642433e+11 7.504150e+10 2.095167e-05 1.195842e+03 -1.295106e+07
5.961000e+06 9.981261e+00 1.384330e+10 1.765922e+03 3.601832e+03 8.566151e+03 4.564456e+03 1.642433e+11 7.504150e+10 2.095167e-05 1.195842e+03 -1.295106e+07
5.966000e+06 9.979752e+00 1.366237e+10 1.764363e+03 3.597854e+03 8.553086e+03 4.560767e+03 1.634187e+11 7.483750e+10 2.109222e-05 1.196130e+03 -1.295429e+07
5.973666e+06 9.977421e+00 1.338540e+10 1.761956e+03 3.591732e+03 8.532960e+03 4.555082e+03 1.621537e+11 7.452402e+10 2.131105e-05 1.196579e+03 -1.295961e+07
5.980000e+06 9.975487e+00 1.315691e+10 1.759951e+03 3.586655e+03 8.516241e+03 4.550357e+03 1.611079e+11 7.426436e+10 2.149502e-05 1.196958e+03 -1.296436e+07
5.986334e+06 9.973551e+00 1.292874e+10 1.757932e+03 3.581558e+03 8.499439e+03 4.545606e+03 1.600613e+11 7.400406e+10 2.168193e-05 1.197343e+03 -1.296945e+07
5.992666e+06 9.971617e+00 1.270096e+10 1.755898e+03 3.576444e+03 8.482558e+03 4.540831e+03 1.590144e+11 7.374322e+10 2.187181e-05 1.197734e+03 -1.297487e+07
5.999000e+06 9.969686e+00 1.247341e+10 1.753849e+03 3.571309e+03 8.465585e+03 4.536028e+03 1.579664e+11 7.348165e+10 2.206485e-05 1.198133e+03 -1.298064e+07
6.005334e+06 9.967758e+00 1.224620e+10 1.751785e+03 3.566155e+03 8.448526e+03 4.531199e+03 1.569177e+11 7.321945e+10 2.226106e-05 1.198539e+03 -1.298676e+07
6.011666e+06 9.965832e+00 1.201941e+10 1.749707e+03 3.560984e+03 8.431386e+03 4.526345e+03 1.558686e+11 7.295671e+10 2.246043e-05 1.198952e+03 -1.299312e+07
6.018000e+06 9.963904e+00 1.179293e+10 1.747613e+03 3.555792e+03 8.414156e+03 4.521463e+03 1.548186e+11 7.269330e+10 2.266317e-05 1.199373e+03 -1.300011e+07
6.024334e+06 9.961973e+00 1.156687e+10 1.745504e+03 3.550582e+03 8.396841e+03 4.516557e+03 1.537683e+11 7.242934e+10 2.286925e-05 1.199801e+03 -1.300735e+07
6.030666e+06 9.960034e+00 1.134134e+10 1.743381e+03 3.545357e+03 8.379450e+03 4.511627e+03 1.527180e+11 7.216495e+10 2.307868e-05 1.200236e+03 -1.301498e+07
6.037000e+06 9.958083e+00 1.111624e+10 1.741243e+03 3.540113e+03 8.361972e+03 4.506671e+03 1.516672e+11 7.189999e+10 2.329162e-05 1.200680e+03 -1.302301e+07
6.043334e+06 9.956119e+00 1.089164e+10 1.739090e+03 3.534852e+03 8.344414e+03 4.501691e+03 1.506163e+11 7.163456e+10 2.350810e-05 1.201131e+03 -1.303143e+07
6.049666e+06 9.954139e+00 1.066767e+10 1.736924e+03 3.529577e+03 8.326780e+03 4.496688e+03 1.495658e+11 7.136879e+10 2.372811e-05 1.201591e+03 -1.304028e+07
6.056000e+06 9.952141e+00 1.044417e+10 1.734742e+03 3.524285e+03 8.309061e+03 4.491661e+03 1.485150e+11 7.110249e+10 2.395187e-05 1.202059e+03 -1.304955e+07
6.062334e+06 9.950126e+00 1.022124e+10 1.732545e+03 3.518976e+03 8.291261e+03 4.486609e+03 1.474643e+11 7.083578e+10 2.417940e-05 1.202535e+03 -1.305925e+07
6.068666e+06 9.948092e+00 9.998949e+09 1.730334e+03 3.513652e+03 8.273384e+03 4.481534e+03 1.464139e+11 7.056871e+10 2.441074e-05 1.203021e+03 -1.306940e+07
6.075000e+06 9.946039e+00 9.777152e+09 1.728107e+03 3.508310e+03 8.255417e+03 4.476434e+03 1.453632e+11 7.030113e+10 2.464614e-05 1.203515e+03 -1.308001e+07
6.081334e+06 9.943969e+00 9.555911e+09 1.725865e+03 3.502950e+03 8.237364e+03 4.471308e+03 1.443123e+11 7.003308e+10 2.488566e-05 1.204019e+03 -1.309108e+07
6.087666e+06 9.941883e+00 9.335283e+09 1.723607e+03 3.497575e+03 8.219227e+03 4.466159e+03 1.432616e+11 6.976465e+10 2.512933e-05 1.204532e+03 -1.310264e+07
6.094000e+06 9.939782e+00 9.115113e+09 1.721332e+03 3.492180e+03 8.200993e+03 4.460981e+03 1.422102e+11 6.949562e+10 2.537747e-05 1.205055e+03 -1.311469e+07
6.100334e+06 9.937668e+00 8.895448e+09 1.719040e+03 3.486765e+03 8.182663e+03 4.455777e+03 1.411583e+11 6.922605e+10 2.563015e-05 1.205589e+03 -1.312726e+07
6.106666e+06 9.935544e+00 8.676331e+09 1.716730e+03 3.481331e+03 8.164238e+03 4.450546e+03 1.401061e+11 6.895598e+10 2.588746e-05 1.206133e+03 -1.314047e+07
6.113000e+06 9.933411e+00 8.457593e+09 1.714401e+03 3.475875e+03 8.145704e+03 4.445284e+03 1.390527e+11 6.868521e+10 2.614974e-05 1.206688e+03 -1.315397e+07
6.119334e+06 9.931273e+00 8.239270e+09 1.712051e+03 3.470396e+03 8.127061e+03 4.439993e+03 1.379983e+11 6.841377e+10 2.641710e-05 1.207255e+03 -1.316817e+07
6.125666e+06 9.929133e+00 8.021392e+09 1.709680e+03 3.464895e+03 8.108311e+03 4.434672e+03 1.369429e+11 6.814171e+10 2.668967e-05 1.207834e+03 -1.318294e+07
6.132000e+06 9.926994e+00 7.803783e+09 1.707283e+03 3.459367e+03 8.089435e+03 4.429317e+03 1.358857e+11 6.786882e+10 2.696782e-05 1.208424e+03 -1.319832e+07
6.138334e+06 9.924858e+00 7.586486e+09 1.704858e+03 3.453814e+03 8.070438e+03 4.423931e+03 1.348268e+11 6.759516e+10 2.725169e-05 1.209028e+03 -1.321432e+07
6.144666e+06 9.922728e+00 7.369550e+09 1.702400e+03 3.448235e+03 8.051322e+03 4.418515e+03 1.337665e+11 6.732085e+10 2.754137e-05 1.209644e+03 -1.323095e+07
6.151000e+06 9.920602e+00 7.152828e+09 1.699903e+03 3.442628e+03 8.032076e+03 4.413068e+03 1.327042e+11 6.704576e+10 2.783723e-05 1.210273e+03 -1.324825e+07
6.157087e+06 9.918565e+00 6.944824e+09 1.697456e+03 3.437215e+03 8.013465e+03 4.407807e+03 1.316818e+11 6.678084e+10 2.812743e-05 1.210890e+03 -1.326552e+07
6.163174e+06 9.916532e+00 6.737087e+09 1.694953e+03 3.431778e+03 7.994745e+03 4.402526e+03 1.306580e+11 6.651553e+10 2.842352e-05 1.211519e+03 -1.328343e+07
6.169261e+06 9.914502e+00 6.529633e+09 1.692376e+03 3.426320e+03 7.975925e+03 4.397229e+03 1.296332e+11 6.625004e+10 2.872555e-05 1.212158e+03 -1.330199e+07
6.175348e+06 9.912474e+00 6.322485e+09 1.689703e+03 3.420842e+03 7.957017e+03 4.391927e+03 1.286080e+11 6.598469e+10 2.903353e-05 1.212808e+03 -1.332121e+07
6.181435e+06 9.910444e+00 6.115665e+09 1.686902e+03 3.415347e+03 7.938040e+03 4.386631e+03 1.275830e+11 6.571992e+10 2.934739e-05 1.213465e+03 -1.334110e+07
6.187522e+06 9.908412e+00 5.909194e+09 1.683932e+03 3.409842e+03 7.919019e+03 4.381357e+03 1.265590e+11 6.545630e+10 2.966697e-05 1.214127e+03 -1.336164e+07
6.193609e+06 9.906376e+00 5.703089e+09 1.680736e+03 3.404331e+03 7.899987e+03 4.376127e+03 1.255374e+11 6.519460e+10 2.999198e-05 1.214792e+03 -1.338283e+07
6.199696e+06 9.904335e+00 5.497363e+09 1.677240e+03 3.398822e+03 7.880989e+03 4.370971e+03 1.245197e+11 6.493582e+10 3.032195e-05 1.215453e+03 -1.340462e+07
6.205783e+06 9.902288e+00 5.292023e+09 1.673349e+03 3.393326e+03 7.862085e+03 4.365927e+03 1.235078e+11 6.468126e+10 3.065617e-05 1.216104e+03 -1.342698e+07
6.211870e+06 9.900234e+00 5.087074e+09 1.668938e+03 3.387857e+03 7.843351e+03 4.361042e+03 1.225046e+11 6.443259e+10 3.099367e-05 1.216735e+03 -1.344982e+07
6.217957e+06 9.898173e+00 4.882518e+09 1.663855e+03 3.382431e+03 7.824886e+03 4.356379e+03 1.215131e+11 6.419189e+10 3.133306e-05 1.217335e+03 -1.347305e+07
6.224043e+06 9.896107e+00 4.678384e+09 1.657909e+03 3.377071e+03 7.806817e+03 4.352013e+03 1.205379e+11 6.396180e+10 3.167246e-05 1.217889e+03 -1.349652e+07
6.230130e+06 9.894034e+00 4.474597e+09 1.650865e+03 3.371803e+03 7.789291e+03 4.348039e+03 1.195837e+11 6.374542e+10 3.200958e-05 1.218375e+03 -1.352003e+07
6.236217e+06 9.891957e+00 4.271180e+09 1.642446e+03 3.366660e+03 7.772498e+03 4.344568e+03 1.186569e+11 6.354662e+10 3.234133e-05 1.218772e+03 -1.354333e+07
6.242304e+06 9.889876e+00 4.068118e+09 1.632321e+03 3.361681e+03 7.756662e+03 4.341735e+03 1.177650e+11 6.336991e+10 3.266390e-05 1.219049e+03 -1.356610e+07
6.248391e+06 9.887793e+00 3.865392e+09 1.620111e+03 3.356912e+03 7.742043e+03 4.339695e+03 1.169166e+11 6.322054e+10 3.297270e-05 1.219171e+03 -1.358795e+07
6.254478e+06 9.885709e+00 3.662978e+09 1.605383e+03 3.352405e+03 7.728940e+03 4.338623e+03 1.161217e+11 6.310448e+10 3.326226e-05 1.219098e+03 -1.360838e+07
6.260565e+06 9.883628e+00 3.460850e+09 1.587657e+03 3.348219e+03 7.717689e+03 4.338715e+03 1.153913e+11 6.302836e+10 3.352627e-05 1.218781e+03 -1.362683e+07
6.266652e+06 9.881551e+00 3.258976e+09 1.566411e+03 3.344420e+03 7.708657e+03 4.340182e+03 1.147375e+11 6.299944e+10 3.375764e-05 1.218168e+03 -1.364264e+07
6.272739e+06 9.879482e+00 3.057322e+09 1.541090e+03 3.341075e+03 7.702231e+03 4.343249e+03 1.141733e+11 6.302540e+10 3.394869e-05 1.217199e+03 -1.365506e+07
6.278826e+06 9.877422e+00 2.855858e+09 1.511121e+03 3.338255e+03 7.698811e+03 4.348141e+03 1.137118e+11 6.311416e+10 3.409135e-05 1.215811e+03 -1.366327e+07
6.284913e+06 9.875374e+00 2.654568e+09 1.475931e+03 3.336031e+03 7.698787e+03 4.355082e+03 1.133661e+11 6.327363e+10 3.417750e-05 1.213935e+03 -1.366639e+07
6.291000e+06 9.873337e+00 2.453444e+09 1.434968e+03 3.334467e+03 7.702528e+03 4.364279e+03 1.131486e+11 6.351138e+10 3.419939e-05 1.211498e+03 -1.366346e+07
6.294971e+06 9.872015e+00 2.322330e+09 1.404890e+03 3.333832e+03 7.707153e+03 4.371583e+03 1.130810e+11 6.371197e+10 3.417567e-05 1.209567e+03 -1.365781e+07
6.298943e+06 9.870696e+00 2.191262e+09 1.372005e+03 3.333516e+03 7.713591e+03 4.379967e+03 1.130751e+11 6.395053e+10 3.411991e-05 1.207339e+03 -1.364887e+07
6.302914e+06 9.869382e+00 2.060314e+09 1.336221e+03 3.333530e+03 7.721898e+03 4.389460e+03 1.131330e+11 6.422832e+10 3.403069e-05 1.204789e+03 -1.363632e+07
6.306886e+06 9.868070e+00 1.929428e+09 1.297431e+03 3.333883e+03 7.732116e+03 4.400089e+03 1.132562e+11 6.454657e+10 3.390681e-05 1.201884e+03 -1.361978e+07
6.310857e+06 9.866761e+00 1.798684e+09 1.255588e+03 3.334577e+03 7.744259e+03 4.411858e+03 1.134453e+11 6.490585e+10 3.374737e-05 1.198591e+03 -1.359885e+07
6.314829e+06 9.865451e+00 1.668030e+09 1.210632e+03 3.335613e+03 7.758326e+03 4.424772e+03 1.137004e+11 6.530666e+10 3.355159e-05 1.194862e+03 -1.357302e+07
6.318800e+06 9.864142e+00 1.537547e+09 1.162573e+03 3.336985e+03 7.774281e+03 4.438807e+03 1.140207e+11 6.574864e+10 3.331894e-05 1.190644e+03 -1.354167e+07
6.322771e+06 9.862831e+00 1.407222e+09 1.111419e+03 3.338686e+03 7.792071e+03 4.453934e+03 1.144045e+11 6.623125e+10 3.304873e-05 1.185861e+03 -1.350396e+07
6.326743e+06 9.861515e+00 1.277043e+09 1.057207e+03 3.340700e+03 7.811617e+03 4.470109e+03 1.148494e+11 6.675344e+10 3.273996e-05 1.180409e+03 -1.345875e+07
6.330714e+06 9.860194e+00 1.147098e+09 1.000050e+03 3.343008e+03 7.832798e+03 4.487261e+03 1.153517e+11 6.731317e+10 3.239126e-05 1.174151e+03 -1.340450e+07
6.334686e+06 9.858864e+00 1.017349e+09 9.400397e+02 3.345586e+03 7.855484e+03 4.505316e+03 1.159072e+11 6.790830e+10 3.199982e-05 1.166885e+03 -1.333896e+07
6.338657e+06 9.857525e+00 8.878882e+08 8.773602e+02 3.348405e+03 7.879493e+03 4.524166e+03 1.165099e+11 6.853541e+10 3.156128e-05 1.158327e+03 -1.325895e+07
6.341000e+06 9.856729e+00 8.116348e+08 8.391936e+02 3.350166e+03 7.894202e+03 4.535615e+03 1.168851e+11 6.891896e+10 3.127747e-05 1.152506e+03 -1.320311e+07
6.341000e+06 9.856729e+00 8.116348e+08 8.391936e+02 3.350166e+03 7.894202e+03 4.535615e+03 1.168851e+11 6.891896e+10 3.127747e-05 1.152506e+03 -1.320311e+07
6.342000e+06 9.856194e+00 7.813752e+08 8.226874e+02 3.351000e+03 7.900803e+03 4.540626e+03 1.170604e+11 6.908853e+10 3.114612e-05 1.149813e+03 -1.317668e+07
6.343000e+06 9.855658e+00 7.511409e+08 8.060347e+02 3.351845e+03 7.907463e+03 4.545673e+03 1.172379e+11 6.925964e+10 3.101074e-05 1.146980e+03 -1.314869e+07
6.344000e+06 9.855120e+00 7.209501e+08 7.892397e+02 3.352700e+03 7.914179e+03 4.550753e+03 1.174175e+11 6.943225e+10 3.087105e-05 1.143996e+03 -1.311901e+07
6.345000e+06 9.854577e+00 6.908196e+08 7.723064e+02 3.353565e+03 7.920948e+03 4.555864e+03 1.175991e+11 6.960627e+10 3.072674e-05 1.140847e+03 -1.308747e+07
6.346000e+06 9.854029e+00 6.607645e+08 7.552392e+02 3.354441e+03 7.927768e+03 4.561005e+03 1.177827e+11 6.978165e+10 3.057747e-05 1.137518e+03 -1.305391e+07
6.347000e+06 9.853475e+00 6.307987e+08 7.380424e+02 3.355325e+03 7.934634e+03 4.566172e+03 1.179682e+11 6.995829e+10 3.042286e-05 1.133992e+03 -1.301817e+07
6.348000e+06 9.852912e+00 6.009342e+08 7.207204e+02 3.356218e+03 7.941543e+03 4.571364e+03 1.181555e+11 7.013612e+10 3.026248e-05 1.130250e+03 -1.297993e+07
6.349000e+06 9.852341e+00 5.711816e+08 7.032778e+02 3.357120e+03 7.948491e+03 4.576576e+03 1.183445e+11 7.031504e+10 3.009583e-05 1.126271e+03 -1.293906e+07
6.350000e+06 9.851760e+00 5.415501e+08 6.857191e+02 3.358029e+03 7.955473e+03 4.581807e+03 1.185349e+11 7.049493e+10 2.992238e-05 1.122032e+03 -1.289525e+07
6.351000e+06 9.851169e+00 5.120472e+08 6.680492e+02 3.358944e+03 7.962484e+03 4.587052e+03 1.187267e+11 7.067570e+10 2.974150e-05 1.117505e+03 -1.284819e+07
6.352000e+06 9.850568e+00 4.826789e+08 6.502727e+02 3.359866e+03 7.969520e+03 4.592309e+03 1.189197e+11 7.085722e+10 2.955248e-05 1.112659e+03 -1.279754e+07
6.353000e+06 9.849955e+00 4.534498e+08 6.323946e+02 3.360791e+03 7.976573e+03 4.597574e+03 1.191136e+11 7.103936e+10 2.935453e-05 1.107460e+03 -1.274291e+07
6.354000e+06 9.849331e+00 4.243628e+08 6.144196e+02 3.361721e+03 7.983638e+03 4.602843e+03 1.193083e+11 7.122196e+10 2.914673e-05 1.101868e+03 -1.268384e+07
6.355000e+06 9.848696e+00 3.954194e+08 5.963528e+02 3.362653e+03 7.990707e+03 4.608111e+03 1.195036e+11 7.140489e+10 2.892801e-05 1.095839e+03 -1.261983e+07
6.356000e+06 9.848049e+00 3.666195e+08 5.781993e+02 3.363586e+03 7.997774e+03 4.613375e+03 1.196991e+11 7.158795e+10 2.869717e-05 1.089320e+03 -1.255029e+07
6.357000e+06 9.847391e+00 3.379614e+08 5.599640e+02 3.364518e+03 8.004830e+03 4.618628e+03 1.198946e+11 7.177098e+10 2.845282e-05 1.082253e+03 -1.247456e+07
6.358000e+06 9.846722e+00 3.094421e+08 5.416522e+02 3.365449e+03 8.011867e+03 4.623867e+03 1.200898e+11 7.195377e+10 2.819333e-05 1.074569e+03 -1.239186e+07
6.359000e+06 9.846043e+00 2.810569e+08 5.232690e+02 3.366375e+03 8.018874e+03 4.629084e+03 1.202843e+11 7.213611e+10 2.791685e-05 1.066189e+03 -1.230129e+07
6.360000e+06 9.845353e+00 2.527995e+08 5.048197e+02 3.367296e+03 8.025841e+03 4.634275e+03 1.204778e+11 7.231774e+10 2.762120e-05 1.057023e+03 -1.220183e+07
6.361000e+06 9.844654e+00 2.246623e+08 4.863094e+02 3.368209e+03 8.032757e+03 4.639431e+03 1.206698e+11 7.249841e+10 2.730384e-05 1.046965e+03 -1.209227e+07
6.362000e+06 9.843947e+00 1.966361e+08 4.677436e+02 3.369112e+03 8.039609e+03 4.644546e+03 1.208598e+11 7.267782e+10 2.696182e-05 1.035892e+03 -1.197122e+07
6.363000e+06 9.843232e+00 1.687101e+08 4.491274e+02 3.370001e+03 8.046384e+03 4.649611e+03 1.210475e+11 7.285567e+10 2.659166e-05 1.023659e+03 -1.183703e+07
6.364000e+06 9.842510e+00 1.408719e+08 4.304662e+02 3.370875e+03 8.053065e+03 4.654617e+03 1.212321e+11 7.303157e+10 2.618930e-05 1.010100e+03 -1.168780e+07
6.365000e+06 9.841783e+00 1.131078e+08 4.117654e+02 3.371730e+03 8.059636e+03 4.659555e+03 1.214131e+11 7.320515e+10 2.574993e-05 9.950161e+02 -1.152126e+07
6.366000e+06 9.841053e+00 8.540240e+07 3.930303e+02 3.372563e+03 8.066079e+03 4.664412e+03 1.215898e+11 7.337596e+10 2.526791e-05 9.781755e+02 -1.133477e+07
6.367000e+06 9.840319e+00 5.773890e+07 3.742663e+02 3.373369e+03 8.072370e+03 4.669175e+03 1.217614e+11 7.354348e+10 2.473654e-05 9.593052e+02 -1.112520e+07
6.368000e+06 9.839585e+00 3.009888e+07 3.554786e+02 3.374144e+03 8.078488e+03 4.673832e+03 1.219270e+11 7.370717e+10 2.414794e-05 9.380832e+02 -1.088885e+07
6.368000e+06 9.839585e+00 3.009888e+07 3.554786e+02 3.374144e+03 8.078488e+03 4.673832e+03 1.219270e+11 7.370717e+10 2.414794e-05 9.380832e+02 -1.088885e+07
6.368200e+06 9.839138e+00 2.809165e+07 3.517808e+02 3.374388e+03 8.080005e+03 4.674837e+03 1.219763e+11 7.374421e+10 2.401985e-05 9.335876e+02 -1.083841e+07
6.368400e+06 9.838691e+00 2.608451e+07 3.480824e+02 3.374631e+03 8.081514e+03 4.675837e+03 1.220253e+11 7.378107e+10 2.388915e-05 9.289832e+02 -1.078674e+07
6.368600e+06 9.838245e+00 2.407746e+07 3.443833e+02 3.374872e+03 8.083014e+03 4.676832e+03 1.220740e+11 7.381775e+10 2.375578e-05 9.242667e+02 -1.073379e+07
6.368800e+06 9.837798e+00 2.207051e+07 3.406837e+02 3.375112e+03 8.084505e+03 4.677821e+03 1.221224e+11 7.385424e+10 2.361964e-05 9.194348e+02 -1.067952e+07
6.369000e+06 9.837351e+00 2.006364e+07 3.369836e+02 3.375350e+03 8.085987e+03 4.678805e+03 1.221704e+11 7.389052e+10 2.348067e-05 9.144840e+02 -1.062390e+07
6.369200e+06 9.836904e+00 1.805687e+07 3.332830e+02 3.375586e+03 8.087460e+03 4.679784e+03 1.222182e+11 7.392661e+10 2.333875e-05 9.094108e+02 -1.056688e+07
6.369400e+06 9.836458e+00 1.605018e+07 3.295820e+02 3.375821e+03 8.088924e+03 4.680757e+03 1.222656e+11 7.396249e+10 2.319382e-05 9.042113e+02 -1.050843e+07
6.369600e+06 9.836011e+00 1.404359e+07 3.258807e+02 3.376054e+03 8.090378e+03 4.681724e+03 1.223127e+11 7.399815e+10 2.304578e-05 8.988819e+02 -1.044849e+07
6.369800e+06 9.835564e+00 1.203709e+07 3.221790e+02 3.376285e+03 8.091821e+03 4.682684e+03 1.223595e+11 7.403360e+10 2.289452e-05 8.934186e+02 -1.038703e+07
6.370000e+06 9.835118e+00 1.003068e+07 3.184770e+02 3.376514e+03 8.093255e+03 4.683639e+03 1.224059e+11 7.406881e+10 2.273996e-05 8.878174e+02 -1.032399e+07
6.370200e+06 9.834671e+00 8.024363e+06 3.147748e+02 3.376741e+03 8.094678e+03 4.684587e+03 1.224519e+11 7.410380e+10 2.258198e-05 8.820742e+02 -1.025932e+07
6.370400e+06 9.834225e+00 6.018136e+06 3.110724e+02 3.376967e+03 8.096090e+03 4.685529e+03 1.224976e+11 7.413854e+10 2.242050e-05 8.761846e+02 -1.019299e+07
6.370600e+06 9.833779e+00 4.012000e+06 3.073699e+02 3.377190e+03 8.097491e+03 4.686464e+03 1.225428e+11 7.417304e+10 2.225539e-05 8.701442e+02 -1.012493e+07
6.370800e+06 9.833332e+00 2.005954e+06 3.036672e+02 3.377412e+03 8.098881e+03 4.687392e+03 1.225877e+11 7.420729e+10 2.208656e-05 8.639487e+02 -1.005509e+07
